# Made in Blockbench 5.0.4
mtllib corpse.mtl

o Leg r
v 0.24096580500285425 -0.5624999999999998 0.5320178591758886
v 0.24096580500285425 -0.31249999999999983 0.5320178591758886
v 0.37120193825305203 -0.5625 -0.20658795558326737
v 0.37120193825305203 -0.3125 -0.20658795558326742
v -0.005236133250197755 -0.31249999999999983 0.488605814759156
v -0.005236133250197755 -0.5624999999999998 0.488605814759156
v 0.125 -0.3125 -0.25
v 0.125 -0.5625 -0.24999999999999994
vt 0.4375 0.8125
vt 0.5 0.8125
vt 0.5 0.625
vt 0.4375 0.625
vt 0.4375 0.625
vt 0.5 0.625
vt 0.5 0.4375
vt 0.4375 0.4375
vt 0.5 1
vt 0.5625 1
vt 0.5625 0.8125
vt 0.5 0.8125
vt 0.125 0.5
vt 0.1875 0.5
vt 0.1875 0.3125
vt 0.125 0.3125
vt 0.5 0.375
vt 0.4375 0.375
vt 0.4375 0.4375
vt 0.5 0.4375
vt 0.625 0.5625
vt 0.5625 0.5625
vt 0.5625 0.5
vt 0.625 0.5
vn 0 1 -2.220446049250313e-16
vn 0.984807753012208 3.855764100600519e-17 0.17364817766693033
vn 0 -1 2.220446049250313e-16
vn -0.984807753012208 -3.855764100600519e-17 -0.17364817766693033
vn -0.17364817766693033 2.1867124844470354e-16 0.984807753012208
vn 0.17364817766693033 -2.1867124844470354e-16 -0.984807753012208
usemtl m_5d94791c-f8a9-16f9-ed3f-b0850157697c
f 4/4/1 7/3/1 5/2/1 2/1/1
f 3/8/2 4/7/2 2/6/2 1/5/2
f 8/12/3 3/11/3 1/10/3 6/9/3
f 7/16/4 8/15/4 6/14/4 5/13/4
f 6/20/5 1/19/5 2/18/5 5/17/5
f 7/24/6 4/23/6 3/22/6 8/21/6
o Leg L
v 0.006614283826890555 -0.5624999999999998 0.47444436971680126
v 0.006614283826890555 -0.31249999999999983 0.47444436971680126
v -0.1875 -0.5625 -0.24999999999999994
v -0.1875 -0.3125 -0.25
v -0.23486717274537652 -0.31249999999999983 0.5391491309924314
v -0.23486717274537652 -0.5624999999999998 0.5391491309924314
v -0.42898145657226705 -0.3125 -0.18529523872436982
v -0.42898145657226705 -0.5625 -0.18529523872436976
vt 0.1875 0.5
vt 0.25 0.5
vt 0.25 0.3125
vt 0.1875 0.3125
vt 0.5 0.8125
vt 0.5625 0.8125
vt 0.5625 0.625
vt 0.5 0.625
vt 0.5 0.625
vt 0.5625 0.625
vt 0.5625 0.4375
vt 0.5 0.4375
vt 0.5625 1
vt 0.625 1
vt 0.625 0.8125
vt 0.5625 0.8125
vt 0.5625 0.375
vt 0.5 0.375
vt 0.5 0.4375
vt 0.5625 0.4375
vt 0.625 0.5
vt 0.5625 0.5
vt 0.5625 0.4375
vt 0.625 0.4375
vn 0 1 -2.220446049250313e-16
vn 0.9659258262890683 -5.746937261686308e-17 -0.25881904510252074
vn 0 -1 2.220446049250313e-16
vn -0.9659258262890683 5.746937261686308e-17 0.25881904510252074
vn 0.25881904510252074 2.144786184852406e-16 0.9659258262890683
vn -0.25881904510252074 -2.144786184852406e-16 -0.9659258262890683
usemtl m_5d94791c-f8a9-16f9-ed3f-b0850157697c
f 12/28/7 15/27/7 13/26/7 10/25/7
f 11/32/8 12/31/8 10/30/8 9/29/8
f 16/36/9 11/35/9 9/34/9 14/33/9
f 15/40/10 16/39/10 14/38/10 13/37/10
f 14/44/11 9/43/11 10/42/11 13/41/11
f 15/48/12 12/47/12 11/46/12 16/45/12
o Arm R
v 0.5 0.36136158306650557 0.5077149222421418
v 0.5 0.4154714865510314 0.2636409204621585
v 0.5 -0.3708604222734443 0.34538521178856463
v 0.5 -0.3167505187889186 0.10131121000858133
v 0.25 0.4154714865510314 0.2636409204621585
v 0.25 0.36136158306650557 0.5077149222421418
v 0.25 -0.3167505187889186 0.10131121000858133
v 0.25 -0.3708604222734443 0.34538521178856463
vt 0.375 0.625
vt 0.4375 0.625
vt 0.4375 0.4375
vt 0.375 0.4375
vt 0 0.5625
vt 0.0625 0.5625
vt 0.0625 0.375
vt 0 0.375
vt 0.4375 1
vt 0.5 1
vt 0.5 0.8125
vt 0.4375 0.8125
vt 0.0625 0.5625
vt 0.125 0.5625
vt 0.125 0.375
vt 0.0625 0.375
vt 0.4375 0.375
vt 0.375 0.375
vt 0.375 0.4375
vt 0.4375 0.4375
vt 0.625 0.625
vt 0.5625 0.625
vt 0.5625 0.5625
vt 0.625 0.5625
vn 0 0.21643961393810288 -0.9762960071199334
vn 1 0 0
vn 0 -0.21643961393810288 0.9762960071199334
vn -1 0 0
vn 0 0.9762960071199334 0.21643961393810288
vn 0 -0.9762960071199334 -0.21643961393810288
usemtl m_5d94791c-f8a9-16f9-ed3f-b0850157697c
f 20/52/13 23/51/13 21/50/13 18/49/13
f 19/56/14 20/55/14 18/54/14 17/53/14
f 24/60/15 19/59/15 17/58/15 22/57/15
f 23/64/16 24/63/16 22/62/16 21/61/16
f 22/68/17 17/67/17 18/66/17 21/65/17
f 23/72/18 20/71/18 19/70/18 24/69/18
o body
v 0.25625 0.4375 0.5
v 0.25625 0.4375 0.25
v 0.25625 -0.3125 0.5
v 0.25625 -0.3125 0.25
v -0.24375 0.4375 0.25
v -0.24375 0.4375 0.5
v -0.24375 -0.3125 0.25
v -0.24375 -0.3125 0.5
vt 0 1
vt 0.125 1
vt 0.125 0.8125
vt 0 0.8125
vt 0.125 0.6875
vt 0.1875 0.6875
vt 0.1875 0.5
vt 0.125 0.5
vt 0.125 1
vt 0.25 1
vt 0.25 0.8125
vt 0.125 0.8125
vt 0.1875 0.6875
vt 0.25 0.6875
vt 0.25 0.5
vt 0.1875 0.5
vt 0.6875 0.75
vt 0.5625 0.75
vt 0.5625 0.8125
vt 0.6875 0.8125
vt 0.375 0.4375
vt 0.25 0.4375
vt 0.25 0.375
vt 0.375 0.375
vn 0 0 -1
vn 1 0 0
vn 0 0 1
vn -1 0 0
vn 0 1 0
vn 0 -1 0
usemtl m_5d94791c-f8a9-16f9-ed3f-b0850157697c
f 28/76/19 31/75/19 29/74/19 26/73/19
f 27/80/20 28/79/20 26/78/20 25/77/20
f 32/84/21 27/83/21 25/82/21 30/81/21
f 31/88/22 32/87/22 30/86/22 29/85/22
f 30/92/23 25/91/23 26/90/23 29/89/23
f 31/96/24 28/95/24 27/94/24 32/93/24
o Head
v 0.05690550223947011 0.8988751243032334 0.046988162549410184
v 0.17795665825548324 0.5663327225009178 -0.3062287235570358
v 0.20645239629655548 0.5781360436673608 0.4002050486558564
v 0.32750355231256856 0.24559364186504518 0.046988162549410406
v -0.2835434437001564 0.3751731212343259 -0.28441902987436785
v -0.4045945997161695 0.7077155230366414 0.06879785623207813
v -0.13399654964307106 0.05443404059845325 0.06879785623207835
v -0.2550477056590841 0.3869764424007689 0.4220147423385243
vt 0 0.8125
vt 0.125 0.8125
vt 0.125 0.6875
vt 0 0.6875
vt 0.125 0.8125
vt 0.25 0.8125
vt 0.25 0.6875
vt 0.125 0.6875
vt 0.25 1
vt 0.375 1
vt 0.375 0.875
vt 0.25 0.875
vt 0.25 0.875
vt 0.375 0.875
vt 0.375 0.75
vt 0.25 0.75
vt 0.375 0.625
vt 0.25 0.625
vt 0.25 0.75
vt 0.375 0.75
vt 0.125 0.6875
vt 0 0.6875
vt 0 0.5625
vt 0.125 0.5625
vn 0.24210231203202626 -0.6650848036046315 -0.706433772212892
vn 0.9230002039112792 0.3823192025331842 -0.04361938736533603
vn -0.24210231203202626 0.6650848036046315 0.706433772212892
vn -0.9230002039112792 -0.3823192025331842 0.04361938736533603
vn -0.2990937881141708 0.6414781612717452 -0.7064337722128924
vn 0.2990937881141708 -0.6414781612717452 0.7064337722128924
usemtl m_5d94791c-f8a9-16f9-ed3f-b0850157697c
f 36/100/25 39/99/25 37/98/25 34/97/25
f 35/104/26 36/103/26 34/102/26 33/101/26
f 40/108/27 35/107/27 33/106/27 38/105/27
f 39/112/28 40/111/28 38/110/28 37/109/28
f 38/116/29 33/115/29 34/114/29 37/113/29
f 39/120/30 36/119/30 35/118/30 40/117/30
o Arm L
v -0.25 0.4001936310194558 0.5066851998376668
v -0.25 0.4328251790744688 0.2588239844942142
v -0.25 -0.34339001501090194 0.4087905556726281
v -0.25 -0.31075846695588905 0.16092934032917552
v -0.5 0.4328251790744688 0.2588239844942142
v -0.5 0.4001936310194558 0.5066851998376668
v -0.5 -0.31075846695588905 0.16092934032917552
v -0.5 -0.34339001501090194 0.4087905556726281
vt 0.375 1
vt 0.4375 1
vt 0.4375 0.8125
vt 0.375 0.8125
vt 0.375 0.8125
vt 0.4375 0.8125
vt 0.4375 0.625
vt 0.375 0.625
vt 0.25 0.625
vt 0.3125 0.625
vt 0.3125 0.4375
vt 0.25 0.4375
vt 0.3125 0.625
vt 0.375 0.625
vt 0.375 0.4375
vt 0.3125 0.4375
vt 0.625 0.6875
vt 0.5625 0.6875
vt 0.5625 0.75
vt 0.625 0.75
vt 0.625 0.6875
vt 0.5625 0.6875
vt 0.5625 0.625
vt 0.625 0.625
vn 0 0.13052619222005157 -0.9914448613738104
vn 1 0 0
vn 0 -0.13052619222005157 0.9914448613738104
vn -1 0 0
vn 0 0.9914448613738104 0.13052619222005157
vn 0 -0.9914448613738104 -0.13052619222005157
usemtl m_5d94791c-f8a9-16f9-ed3f-b0850157697c
f 44/124/31 47/123/31 45/122/31 42/121/31
f 43/128/32 44/127/32 42/126/32 41/125/32
f 48/132/33 43/131/33 41/130/33 46/129/33
f 47/136/34 48/135/34 46/134/34 45/133/34
f 46/140/35 41/139/35 42/138/35 45/137/35
f 47/144/36 44/143/36 43/142/36 48/141/36